SRC0
192.168.123.2
0 377 8 2 0
64 133
1680 6.7046.706270e-04 1.31 2.9379-01 2.40
1620124491.836498064 2.595971e-06 1.910000e-06 1.325379e-01 2.936079e-06 1.4488-02
1620124492.9 6.165456e-05 6.05 1.325637e-01 2.896188e-06 1.41 2.409652e-02
1620124494.120171205 7.598764e-04 7.614110e-04 1.01 2.8941.462195e-01 2.42
1620124495.274-04 6.57 1.337856e-01 2.936586e-06 1.4612.414234e-02
1620124496.2 4.884959e-06 7.369000e-06 1.324791e-01 2.934577e-06 1.01 2.415760e-02
1620124497.548556084 6.153155e-06 9.707000e-06 1.324474e-01 2.890600e-06 1.447918e-01 2.02
1620124498.685048259 3.758660e-05 3.95 1.324539e-01 2.888606e-06 1.44 2.418807e-02
1620124499.832684537 1.184753e-05 7.446000e-06 1.324446e-01 2.889418e-06 1-01 2.42
1620124500.986083212 6.519225e-04 6.474080e-04 1.337729e-01 2.889155e-06 1.4611-02
1620124502.1 1.112632e-05 6.06 1.324339e-01 2.888010e-06 1.41 2.423385e-02
1620124503.266513501 7.003853e-04 6.959870e-04 1.337971e-01 2.878367e-06 1.461415e-01 2.42
1620124504.401.824591e-05 1.37 1.325148e-01 2.888531e-06 1.4482.426436e-02
1620124505.2 3.022493e-05 2.806100e-05 1.324822e-01 2.890544e-06 1.01 2.427962e-02
1620124506.685640017 1.043453e-04 1.006790e-04 1.328191e-01 2.890905e-06 1.451634e-01 2.02
1620124507.834490901 6.762061e-04 6.74 1.337437e-01 2.892667e-06 1.46 2.431014e-02
1620124508.982540519 2.060730e-06 0e-07 1.324571e-01 2.891696e-06 1.448014e-01 2.42
1620124510.129-04 6.85 1.338086e-01 2.891903e-06 1.4612.435592e-02
1620124511.9 4.798179e-05 4.607000e-05 1.324485e-01 2.917980e-06 1.01 2.437120e-02
1620124512.408715908 7.774738e-04 7.700390e-04 1.339234e-01 2.89 1.462678e-01 2.02
1620124513.552.667715e-05 1.85 1.324346e-01 2.894968e-06 1.44 2.440170e-02
1620124514.705866303 6.040134e-05 4.774900e-05 1.324348e-01 2.893198e-06 1-01 2.44
1620124515.843290716 9.6 -1.088800e-05 1.324697e-01 2.884020e-06 1.4481-02
1620124516.9 -6.855878e-06 -2.568600e-05 1.325388e-01 2.875623e-06 1.448831e-01 2.444746e-02
1620124518.135319618 6.876517e.06 1.04 6 1.4613-02
1620124519.2 3.992839e-05 2.05 1.324521e-01 2.881046e-06 1.41 2.449324e-02
1620124520.436128650 3.723116e-05 1.887500e-05 1.324841e-01 2.876932e-06 1.448284e-01 2.42
1620124521.576783817 6.796488e-04 6.60 1.337900e-01 2.877970e-06 1.4612.452375e-02
1620124522.8 2.123439e-05 1.056000e-06 1.324855e-01 2.879840e-06 1.01 2.453901e-02
1620124523.869105989 1.652908e-05 -1.991000e-06 1.324532e-01 2.882021e-06 1.4479.455427e-02
1620124525.0 5.477098e-04 5.04 1.340342e-01 2.879545e-06 1.41 2.456953e-02
1620124526.160298587 8.310213e-06 -1.117000e-05 1.324438e-01 2.878981e-06 1.447882e-01 2.02
1620124527.299581364 1.394875e-04 1.24 1.326611e-01 2.863382e-06 1.45 2.461529e-02
1620124528.447735143 3.601076e-05 1.962200e-05 1.324916e-01 2.858135e-06 1-01 2.46
1620124529.595769252 1.778909e-05 1.588000e-06 1.324238e-01 2.856123e-06 1.4476.464580e-02
1620124530.7 6.698945e-04 6.04 1.338121e-01 2.856589e-06 1.41 2.466106e-02
1620124531.883588274 6.815763e-04 6.715190e-04 1.337918e-01 2.856599e-06 1.461361e-01 2.42
1620124533.025675035 6.792044e-04 6.67 1.337709e-01 2.858323e-06 1.4612.469158e-02
1620124534.1 9.043950e-06 -4.334000e-06 1.324611e-01 2.860879e-06 1-01 2.47
1620124535.320707560 6.849323e-04 6.733720e-04 1.337496e-01 2.857641e-06 1.4609.473735e-02
1620124536.4 -6.997483e-06 -1.893800e-05 1.324577e-01 2.857027e-06 1-01 2.47
1620124537.590944994 3.382960e-05 2.457600e-05 1.325153e-01 2.859934e-06 1.4485.476787e-02
1620124538.7 -1.390437e-05 -2.218600e-05 1.324766e-01 2.858178e-06 1-01 2.47
1620124539.882217353 8.748511e-04 8.706430e-04 1.341523e-01 2.86 1.4649-02
1620124541.0 2.295621e-05 1.05 1.324552e-01 2.858421e-06 1.41 2.481365e-02
1620124542.168556107 2.001463e-04 1.952230e-04 1.328521e-01 2.850837e-06 1.451965e-01 2.42
1620124543.3132.671346e-05 -3.05 1.324996e-01 2.852666e-06 1.41 2.485942e-02
1620124544.462173745 7.109820e-04 7.107790e-04 1.338450e-01 2.858457e-06 1.461893e-01 2.42
1620124545.613.368963e-03 1.36 1.352636e-01 2.06 1.4762.488994e-02
1620124546.768971480 6.424347e-04 6.428470e-04 1.337947e-01 2.862527e-06 1.01 2.490521e-02
1620124547.924467920 6.749289e-04 6.751940e-04 1.337500e-01 2.862644e-06 1.460944e-01 2.02
1620124549.079239163 7.876483e-04 7.94 1.339787e-01 2.866508e-06 1.46 2.493573e-02
1620124550.215747562 8.112047e-04 8.145940e-04 1.341003e-01 2.8666-01 2.49
1620124551.354886738 7.747135e-05 8.093200e-05 1.325330e-01 2.865651e-06 1.4487.498150e-02
1620124552.4 6.558526e-04 6.04 1.338038e-01 2.867354e-06 1.41 2.499676e-02
1620124553.637180868 6.596243e-04 6.650230e-04 1.338188e-01 2.867420e-06 1.461631e-01 2.52
1620124554.785.547071e-06 1.42 1.324846e-01 2.866463e-06 1.4482.502728e-02
1620124555.7 6.862976e-04 6.944100e-04 1.337427e-01 2.865989e-06 1.01 2.504254e-02
1620124557.075749392 6.766929e-04 6.848610e-04 1.337843e-01 2.866077e-06 1.461286e-01 2.02
1620124558.223386218 4.026627e-05 4.85 1.324517e-01 2.865234e-06 1.44 2.508831e-02
1620124559.358538528 6.488797e-04 6.515000e-04 1.338020e-01 2.863352e-06 1-01 2.51
1620124560.501940432 6.249969e-05 6.326900e-05 1.324965e-01 2.867200e-06 1.4484.510358e-02
1620124561.6 4.359097e-05 4.05 1.325879e-01 2.868376e-06 1.41 2.511884e-02
1620124562.797957622 2.791399e-05 2.777700e-05 1.324706e-01 2.865747e-06 1.448150e-01 2.5