SRC0
192.168.123.2
0 377 8 2 003
16-04 
1620124508.9 2.30e-06 -3.15 1.324571e-01 2.96e-06 1.448-01 
1620124510.7 6..850330e-04 1.33 2.86 1..435-02
1620124511.2 4.79e-05 4.05 1.324485e-01 2.91e-06 1.41 2.02
1620124512.407.77 7.74 1..896096e1.46 2.<2
1620124513.553.667715e-05 2100 1.324346e-01 2.894968e-06 1790e2.44
1620124514.3 6.34e-05 4900e-05 1.324348e-01 2.88e-06 1..441-02
1620124515.8 9.23e-06 -1800e-05 1.324697e-01 2.80e-06 1..443-02
1620124516.9 -6.78e-06 -2.56 1.31 2.23e-06 1.4482.44
1620124518.8 6..723820e-04 1.33 2.86 1..447-02
1620124519.2 3.99e-05 2.05 1.324521e-01 2.88e-06 1.41 2.02
1620124520.43650 3.72e-05 1.85 1.324841e-01 2.876932e-06 1.44 2.42
1620124521.576.796488e-04 2960 1.31 2..461343e2.45
1620124522.8 2.123439e-05 1000e-06 1.324855e-01 2.80e-06 1..453-02
1620124523.8 1.68e-05 -1000e-06 1.324532e-01 2.81e-06 1..455-02
1620124525.0 2.80e-03908 5.44 5.70e-04 1.3402.871 2.02
1620124526.16587 8.31e-06 -1.05 1.324438e-01 2.87e-06 1.4 1.2