SRC0
192.168.123.2
0 377 8 2 0
8 1.362
1620124516.98.707000e-06 1. -6.85 -2.-01 02
1620124518.13618 6.87e-04 6.74 1..878656e-06 1.46 2.48e-02
1620124519.289.992839e-05 7400 1.31e-01 2.46e-06 1965e2.44
1620124520.28650 3.16e-05 1500e-05 1.324841e-01 2.82e-06 1..450-02
1620124521.5 6.78e-04 6.04 1.337900e-01 7970e-06 1.41 2.02
1620124522.722.12e-05 1.06 1.324855e-01 2840e-06 8299 2.42
1620124523.869.652908e-05 6 1.32e-01 2.882021e-06 1.44 2.47e-02
3620124525.00808 5.477098e-04 6570 1.31 2..4632.45