SRC0
192.168.123.2
0 377 8 2 0
32 133
1620124490.684.704372e-04 6270 1.337850e-01 2.68e-06 1.4612.40
1620124491.4 2.71e-06 1000e-06 1.325379e-01 2.99e-020.41 2.02
1620124521.57817 6.79e-04 6.64 1.337900e-01 2.877970e-06 1343 2.42
1620124522.725.123439e-05 1.05 1.324855e-01 2.40e-06 1-01 
1620124523.9 1.08e-05 -1000 1.324532e-01 2.21e-06 1-01 
1620124525.8 5.98e-04 5570e-04 1.34e-01 2.85e-06 1..456-02
1620124526.1 8.33e-06 -1000e-05 1.324438e-01 2.81e-06 1..460-02
1620124527.2 1.35e-04 1.04 1.326611e-01 2.86e-06 1.41 2.02
1620124528.443.60e-05 1.95 1.324916e-01 2.858135e-06 1.44 2.42
1620124529.595.778909e-05 8000 1.324238e-01 2.23e-06 1682e2.46
1620124530.0 6.45e-04 6020e-04 1.338121e-01 2.89e-06 1..466-02
1620124531.8 6.83e-04 6.04 1.337918e-01 2.85e-06 1.41 2.02
1620124533.02035 6.79e-04 6.64 1.337709e-01 2.858323e-06 1153 2.42
1620124534.180.043950e-4.36 1.324611e-01 2.860879e-06 1.44 2.42
1620124535.32060 6.849323e-04 3720 1.337496e-01 2.41e-06 1939e2.47
1620124536..997483e-06 5 1.324577e-01 2.857027e-06 1.44 2.42
1620124537.590.382960e-05 7600 1.325153e-01 2.34e-06 1596e2.47
1620124538..390437e-05 5 1.324766e-01 2.858178e-06 1.44 2.42
1620124539.88253 8.748511e-04 6430 1.341523e-01 2..4642.47
1620124541.1 2.21e-05 1000e-05 1.324552e-01 2.81e-06 1..481-02
1620124542.1 2.03e-04 1.04 1.328521e-01 2.85e-06 1.41 2.02
1620124543.31-2.66e-05 -3900e-05 1.324996e-01 2.86e-06 1..485-02
1620124544.4 7.10e-04 7.04 1.338450e-01 2.85e-06 1.41 2.02
1620124545.61226 1.36e-03 1.33 1.352636e-01 2.8601.47 2.42
1620124546.76880 6.424347e-04 6.42 1.337947e-01 2.27e-06 1.4612.49
1620124547.0 6.89e-04 6940e-04 1.337500e-01 2.84e-06 1..492-02
1620124549.0 7.83e-04 7.04 1.339787e-01 2.86e-06 1.41 2.02
1620124550.21562 8.11e-04 8.14 1.341003e-01 2651e-06 1.46 2.42
1620124551.35438 7.747135e-05 3200 1.325330e-01 2.51e-06 1773e2.49
1620124552.9 6.26e-04 6540e-04 1.338038e-01 2.84e-06 1..499-02
1620124553.6 6.53e-04 6.04 1.338188e-01 2.86e-06 1.41 2.02
1620124554.788.54e-06 1.45 1.324846e-01 2.866463e-06 67 6