SRC0
192.168.123.2
0 377 8 2 0
09 -22
1620124544.462.109820e-04 7.10 1.338450e-01 2.57e-06 1.4612.48e-02
1620124545.6 1.03 1363e-03 2636 2.86 1..488-02
1620124546.7 6.47e-04 6.04 1.337947e-01 2.86e-06 1.41 2.21e-02
1620124547.926.74e-04 6.74 1.337500e-01 2.862644e-06 1.46e-01 2.492047e-02
1620124549.07963 7483e-04 9310 1.31 2.06 1.463231e-01 2.49e-02
1620124550.2 8.04 8940e-04 1003 2.86 1.464447e-01 2.496625e-02
1620124551.3 7.75e-05 8.05 1.325330e-01 2.86e-06 1.41 2.02
1620124552.49579 6.55e-04 6.54 1.338038e-01 2.867354e-06 1.46e-01 2.46e-02
1620124553.63768 6.596243e-04 6.65 1.338188e-01 2.20e-06 1.461554.6126