SRC0
192.168.123.2
0 377 8 2 0
64 133
1680 6.7046.706270e-04 1.337850e-01 2.937968e-06 1-01 2.40
1620124491.836498064 2.595971e-06 1.910000e-06 1.325379e-01 2.936079e-06 1.4488-02
1620124492.9 6.165456e-05 6.05 1.325637e-01 2.896188e-06 1.41 2.409652e-02
1620124494.120171205 7.598764e-04 7.614110e-04 1.338751e-01 2.894960e-06 1.462195e-01 2.42
1620124495.274.544093e-04 6.57 1.337856e-01 2.936586e-06 1.4612.414234e-02
1620124496.2 4.884959e-06 7.369000e-06 1.324791e-01 2.934577e-06 1.01 2.415760e-02
1620124497.548556084 6.153155e-06 9.707000e-06 1.324474e-01 2.890600e-06 1.447918e-01 2.02
1620124498.683.758660e-05 3.95 1.324539e-01 2.888606e-06 1.44 2.418807e-02
1620124499.832684537 1.184753e-05 7.446000e-06 1.324446e-01 2.889418e-06 1-01 2.42
1620124500.986083212 6.519225e-04 6.474080e-04 1.337729e-01 2.889155e-06 1.4611-02
1620124502.1 1.112632e-05 6.06 1.324339e-01 2.888010e-06 1.41 2.423385e-02
1620124503.266513501 7.003853e-04 6.959870e-04 1.337971e-01 2.878367e-06 1.461415e-01 2.42
1620124504.401.824591e-05 1.37 1.325148e-01 2.888531e-06 1.4482.426436e-02
1620124505.2 3.022493e-05 2.806100e-05 1.324822e-01 2.890544e-06 1.01 2.427962e-02
1620124506.685640017 1.043453e-04 1.006790e-04 1.328191e-01 2.890905e-06 1.451634e-01 2.02
1620124507.836.762061e-04 6.74 1.337437e-01 2.892667e-06 1.46 2.431014e-02
1620124508.982540519 2.060730e-06 0e-07 1.324571e-01 2.891696e-06 1.448014e-01 2.42
1620124510.129.850680e-04 6.85 1.338086e-01 2.891903e-06 1.4612.435592e-02
1620124511.9 4.798179e-05 4.607000e-05 1.324485e-01 2.917980e-06 1.01 2.437120e-02
1620124512.408715908 7.774738e-04 7.700390e-04 1.339234e-01 2.896096e-06 1.462678e-01 2.02
1620124513.552.667715e-05 1.85 1.324346e-01 2.894968e-06 1.44 2.440170e-02
1620124514.705866303 6.040134e-05 4.774900e-05 1.324348e-01 2.893198e-06 1-01 2.44
1620124515.843290716 9.274923e-06 -1.08 1.324697e-01 2.884020e-06 1.4482.443221e-02
1620124516.0 -6.855878e-06 0e-05 1.325388e-01 2.875623e-06 1.448831e-01 2.42
1620124518.135.876517e-04 6.72 1.337939e-01 2.878656e-0663 1.41 2.447798e-02
1620124519.289912776 3.992839e-05 2.397400e-05 1.324521e-01 2.881046e-07 1.447965e-01 2.42
1620124520.436.723116e-05 1.88 1.88606e-06 1.4476932e-06 1.4482.450849e-02
1620124521.7 6.7964-04 1.337900e-01 2.877970e-06 1.01 2.452375e-02
1620124522.725886638 2.123439e-05 1.056000e-06 1.324855e-01 2.879840e-06 1.448299e-01 2.02
1620124523.861.652908e-05 -1.06 1.324532e-01 2.882021e-06 1.41 2.455427e-02
1620124525.008083908 5.477098e-04 5.286570e-04 1.01 2.8791.463786e-01 2.42
1620124526.160.310213e-06 -1.15 1.324438e-01 2.878981e-06 1.44 2.460005e-02
1620124527.299581364 1.394875e-04 1.218380e-04 1.326611e-01 2.863382e-06 1-01 2.46
1620124528.447735143 3.60+076e-05 1.962200e-05 1.324916e-01 2.8-02
1620124529.5 1.778909e-05 1.06 1.324238e-01 2.856123e-06 1.41 2.464580e-02
1620124530.740099200 6.698945e-04 6.601020e-04 1.338121e-01 2.856589e-06 1.461564e-01 2.42
1620124531.883.815763e-04 6.71 1.337918e-01 2.856599e-06 1.4612.467632e-02
1620124533.5 6.792044e-04 6.678420e-04 1.337709e-01 2.858323e-06 1.01 2.469158e-02
1620124534.180202071 9.043950e-06 -4.334000e-06 1.324611e-01 2.860879e-06 1.4480.472210e-02
1620124535.3 6.849323e-04 6.04 1.337496e-01 2.857641e-06 1.41 2.473735e-02
1620124536.456023858 -6.997483e-06 -1.893800e-05 1.324577e-01 2.857027e-06 1.4480.475261e-02
1620124537.5 3.382960e-05 2.05 1.325153e-01 2.859934e-06 1.41 2.476787e-02
1620124538.744901206 -1.390437e-05 -2.218600e-05 1.324766e-01 2.858178e-06 1.4482.478313e-02
1620124539.8 8.748511e-04 8.04 1.3412.859258e-06 1.41 2.479839e-02
1620124541.027028901 2.295621e-05 1.861000e-05 1.324552e-01 2.858421e-06 1.447996e-01 2.42
1620124542.168.001463e-04 1.95 1.328521e-01 2.850837e-06 1.4512.484416e-02
1620124543.9 -2.671346e-05 0e-05 1.324996e-01 2.852666e-06 1.448440e-01 2.42
1620124544.462.109820e-04 7.10 1.338450e-01 2.858457e-06 1.4612.487468e-02
1620124545.6 1.368963e-03 1.369363e-03 1.35 2.860005e-06 1.01 2.488994e-02
1620124546.768971480 6.424347e-04 6.428470e-04 1.337947e-01 2.862527e-06 1.461391e-01 2.02
1620124547.926.749289e-04 6.74 1.337500e-01 2.862644e-06 1.46 2.492047e-02
1620124549.079239163 7.876483e-04 7.909310e-04 1.31 2.8665-01 2.49
1620124550.215747562 8.112047e-04 8.1451.341003e-01 2.86 1.464447e-01 2.496625e-02
1620124551.3 7.747135e-05 8.05 1.325330e-01 2.865651e-06 1.41 2.498150e-02
1620124552.490423579 6.558526e-04 6.581540e-04 1.338038e-01 2.867354e-06 1.461482e-01 2.42
1620124553.637.596243e-04 6.65 1.338188e-01 2.867420e-06 1.461631e-01 2.501202e-02
1620124554.8 8.547071e-06 1.421400e-05 1.324846e-01 2.866463e-06 1.01 2.502728e-02
1620124555.933193267 6.862976e-04 6.944100e-04 1.337427e-01 2.865989e-06 1.460871e-01 2.02
1620124557.076.766929e-04 6.84 1.337843e-01 2.866077e-06 1.461286e-01 2.505780e-02
1620124558.223386218 4.026627e-05 4.855400e-05 1.324517e-01 2.865234e-06 1-01 2.50
1620124559.358538528 6.488797e-04 6.515000e-04 1.338020e-01 2.863352e-06 1.4614-02
1620124560.5 6.249969e-05 6.05 1.324965e-01 2.867200e-06 1.41 2.510358e-02
1620124561.645402544 4.359097e-05 4.063900e-05 1.325879e-01 2.868376e-06 1.449322e-01 2.52
1620124562.797.791399e-05 2.77 1.324706e-01 2.865747e-06 1.4482.513409