SRC0
192.168.123.2
0 377 8 2 0
14 133
1680 6-04 1 2..4612.40
162491.4 2.-06 1.325379e-01 2.99e-020.41 2.02
1620124521.576.79e-04 6.64 1.01 2970e1.46 2.42
1620124522.725.123439e-05 1.05 1.324855e-01 2.40e-06 1-01 
1620124523.9 1.08e-05 -1000 1.324532e-01 2.21e-06 1-01 
1620124525.-04 1.34 2.86 1..456-02
1620124526.1 8.33e-06 -1000e-05 1.324438e-01 2.81e-06 1.-02
1620124527.2 1.35e-04 1.04 1.326611e-01 2.86e-06 1.41 2.02
1620124528.443.60e-05 1.95 1.324916e-01 2.858135e-06 1.44 2.42
1620124529.595.778909e-05 8000 1.324238e-01 2.23e-06 1682e2.46
1620124530.0 63439e-05 1.05 1.324855e-01 2.40e-06 1-02
1620124531.8 6.83e-04 6..3372.85 1.41 2.02
1620124533.026.79e-04 6.64 1..8581.46 2.42
1620124534.180.043950e-06 6 1.324611e-01 2.860879e-06 1.446.73