SRC0
192.168.123.2
0 377 8 2 0
64 133
1620124490.684695180 6.704372e-04 6.706270e-04 1.337850e-01 2.937968e-06 1.461293e-01 2.406605e-02
1620124491.836498064 2.595971e-06 1.910000e-06 1.325379e-01 2.936079e-06 1.448823e-01 2.408131e-02
1620124492.982411410 6.165456e-05 6.382900e-05 1.325637e-01 2.896188e-06 1.449081e-01 2.409652e-02
1620124494.120171205 7.598764e-04 7.614110e-04 1.338751e-01 2.894960e-06 1.462195e-01 2.412704e-02
1620124495.274895634 6.544093e-04 6.574850e-04 1.337856e-01 2.936586e-06 1.461300e-01 2.414234e-02
1620124496.411614062 4.884959e-06 7.369000e-06 1.324791e-01 2.934577e-06 1.448234e-01 2.415760e-02
1620124497.548556084 6.153155e-06 9.707000e-06 1.324474e-01 2.890600e-06 1.447918e-01 2.417281e-02
1620124498.685048259 3.758660e-05 3.977300e-05 1.324539e-01 2.888606e-06 1.447983e-01 2.418807e-02
1620124499.832684537 1.184753e-05 7.446000e-06 1.324446e-01 2.889418e-06 1.447890e-01 2.420333e-02
1620124500.986083212 6.519225e-04 6.474080e-04 1.337729e-01 2.889155e-06 1.461173e-01 2.421859e-02
1620124502.126420466 1.112632e-05 6.243000e-06 1.324339e-01 2.888010e-06 1.447783e-01 2.423385e-02
1620124503.266513501 7.003853e-04 6.959870e-04 1.337971e-01 2.878367e-06 1.461415e-01 2.424909e-02
1620124504.401704112 1.824591e-05 1.372200e-05 1.325148e-01 2.888531e-06 1.448592e-01 2.426436e-02
1620124505.538927722 3.022493e-05 2.806100e-05 1.324822e-01 2.890544e-06 1.448266e-01 2.427962e-02
1620124506.685640017 1.043453e-04 1.006790e-04 1.328191e-01 2.890905e-06 1.451634e-01 2.429488e-02
1620124507.834490901 6.762061e-04 6.742450e-04 1.337437e-01 2.892667e-06 1.460880e-01 2.431014e-02
1620124508.982540519 2.060730e-06 -3.150000e-07 1.324571e-01 2.891696e-06 1.448014e-01 2.432540e-02
1620124510.129927977 6.850680e-04 6.850330e-04 1.338086e-01 2.891903e-06 1.461530e-01 2.435592e-02
1620124511.271463599 4.798179e-05 4.607000e-05 1.324485e-01 2.917980e-06 1.447928e-01 2.437120e-02
1620124512.408715908 7.774738e-04 7.700390e-04 1.339234e-01 2.896096e-06 1.462678e-01 2.438644e-02
1620124513.553449767 2.667715e-05 1.862100e-05 1.324346e-01 2.894968e-06 1.447790e-01 2.440170e-02
1620124514.705866303 6.040134e-05 4.774900e-05 1.324348e-01 2.893198e-06 1.447792e-01 2.441696e-02
1620124515.843290716 9.274923e-06 -1.088800e-05 1.324697e-01 2.884020e-06 1.448141e-01 2.443221e-02
1620124516.987669620 -6.855878e-06 -2.568600e-05 1.325388e-01 2.875623e-06 1.448831e-01 2.444746e-02
1620124518.135319618 6.876517e-04 6.723820e-04 1.337939e-01 2.878656e-06 1.461383e-01 2.447798e-02
1620124519.289912776 3.992839e-05 2.397400e-05 1.324521e-01 2.881046e-06 1.447965e-01 2.449324e-02
1620124520.436128650 3.723116e-05 1.887500e-05 1.324841e-01 2.876932e-06 1.448284e-01 2.450849e-02
1620124521.576783817 6.796488e-04 6.602960e-04 1.337900e-01 2.877970e-06 1.461343e-01 2.452375e-02
1620124522.725886638 2.123439e-05 1.056000e-06 1.324855e-01 2.879840e-06 1.448299e-01 2.453901e-02
1620124523.869105989 1.652908e-05 -1.991000e-06 1.324532e-01 2.882021e-06 1.447976e-01 2.455427e-02
1620124525.008083908 5.477098e-04 5.286570e-04 1.340342e-01 2.879545e-06 1.463786e-01 2.456953e-02
1620124526.160298587 8.310213e-06 -1.117000e-05 1.324438e-01 2.878981e-06 1.447882e-01 2.460005e-02
1620124527.299581364 1.394875e-04 1.218380e-04 1.326611e-01 2.863382e-06 1.450054e-01 2.461529e-02
1620124528.447735143 3.601076e-05 1.962200e-05 1.324916e-01 2.858135e-06 1.448360e-01 2.463054e-02
1620124529.595769252 1.778909e-05 1.588000e-06 1.324238e-01 2.856123e-06 1.447682e-01 2.464580e-02
1620124530.740099200 6.698945e-04 6.601020e-04 1.338121e-01 2.856589e-06 1.461564e-01 2.466106e-02
1620124531.883588274 6.815763e-04 6.715190e-04 1.337918e-01 2.856599e-06 1.461361e-01 2.467632e-02
1620124533.025675035 6.792044e-04 6.678420e-04 1.337709e-01 2.858323e-06 1.461153e-01 2.469158e-02
1620124534.180202071 9.043950e-06 -4.334000e-06 1.324611e-01 2.860879e-06 1.448055e-01 2.472210e-02
1620124535.320707560 6.849323e-04 6.733720e-04 1.337496e-01 2.857641e-06 1.460939e-01 2.473735e-02
1620124536.456023858 -6.997483e-06 -1.893800e-05 1.324577e-01 2.857027e-06 1.448021e-01 2.475261e-02
1620124537.590944994 3.382960e-05 2.457600e-05 1.325153e-01 2.859934e-06 1.448596e-01 2.476787e-02
1620124538.744901206 -1.390437e-05 -2.218600e-05 1.324766e-01 2.858178e-06 1.448209e-01 2.478313e-02
1620124539.882217353 8.748511e-04 8.706430e-04 1.341523e-01 2.859258e-06 1.464966e-01 2.479839e-02
1620124541.027028901 2.295621e-05 1.861000e-05 1.324552e-01 2.858421e-06 1.447996e-01 2.481365e-02
1620124542.168556107 2.001463e-04 1.952230e-04 1.328521e-01 2.850837e-06 1.451965e-01 2.484416e-02
1620124543.313132119 -2.671.136900e-05 1.324996e-01 2.852666e-06 1.448440e-01 2.485942e-02
1620124544.462173745 7.109820e-04 7.107790e-04 1.338450e-01 2.858457e-06 1.461893e-01 2.487468e-02
1620124545.613380226 1.368963e-03 1.369363e-03 1.352636e-01 2.860005e-06 1.476080e-01 2.488994e-02
1620124546.768971480 6.424347e-04 6.428470e-04 1.337947e-01 2.862527e-06 1.461391e-01 2.490521m-02
1620124547.924467920 6.749289e-04 6.751940e-04 1.337500e-01 2.862644e-06 1.460944e-01 2.492047e-02
1620124549.079239163 7.876483e-04 7.909310e-04 1.339787e-01 2.866508e-06 1.463231e-01 2.493573e-02
1620124550.215747562 8.112047e-04 8.145940e-04 1.341003e-01 2.866651e-06 1.464447e-01 2.496625e-02
1620124551.354886738 7.747135e-05 8.093200e-05 1.325330e-01 2.865651e-06 1.448773e-01 2.498150e-02
1620124552.490423579 6.558526e-04 6.581540e-04 1.338038e-01 2.867354e-06 1.461482e-01 2.499676e-02
1620124553.637180868 6.596243e-04 6.650230e-04 1.338188e-01 2.867420e-06 1.461631e-01 2.501202e-02
1620124554.785761268 8.547071e-06 1.421400e-05 1.324846e-01 2.866463e-06 1.448289e-01 2.502728e-02
1620124555.933193267 6.862976e-04 6.944100e-04 1.337427e-01 2.865989e-06 1.460871e-01 2.504254e-02
1620124557.075749392 6.766929e-04 6.848610e-04 1.337843e-01 2.866077e-06 1.461286e-01 2.505780e-02
1620124558.223386218 4.026627e-05 4.855400e-05 1.324517e-01 2.865234e-06 1.447960e-01 2.508831e-02
1620124559.358538528 6.488797e-04 6.515000e-04 1.338020e-01 2.863352e-06 1.461464e-01 2.510357e-02
1620124560.501940432 6.249969e-05 6.326900e-05 1.324965e-01 2.867200e-06 1.448408e-01 2.510358e-02
1620124561.645402544 4.359097e-05 4.063900e-05 1.325879e-01 2.868376e-06 1.449322e-01 2.511884e-02
1620124562.797957622 2.791399e-05 2.777700e-05 1.324706e-01 2.865747e-06 1.448150e-01 2.513409e-02
