SRC0
192.168.123.2
0 377 8 2 0
21 133
1680 6.7046.70 1.31 225379e-01 2.99e-06 1..408131e-02
1620124492.9 6.16e-05 6.05 1.325637e-01 2.89e-06 1.41 2.02
1620124494.12205 7.59e-04 7.64 1.338751e-01 2960e1.46 2.42
1620124495.27434 6.544093e-04 6.57 1.337856e-01 2.06 1.4612.41
1620124496.2 4.59e-06 7000e-06 1.324791e-01 2.97e-06 1..415-02
1620124497.5 6.15e-06 9.06 1.324474e-01 2.89e-06 1.41 2.02
1620124498.683.75e-05 3.95 1.324539e-01 2.888606e-06 1.44 447-02
1620124504.4 1.81e-05 1.05 1.325148e-01 2.88e-06 1.41 2.02
1620124505.533.02e-05 2.85 1.324822e-01 2.890544e-06 8266 2.42
1620124506.685.043453e-04 1.00 1.328191e-01 2.05e-06 1.4512.42
1620124507.1 6.61e-04 6450e-04 1.33e-01 2.87e-06 1..431-02
1620124508.9 2.00e-06 -3000e-07 1.324571e-01 2.86e-06 1..432-02
1620124510.1 6.80e-04 6.04 1.338086e-01 1903 1.41 2.02
1620124511.27599 4.79e-05 4.65 1.324485e-01 2.917980e-06 7928 2.42
1620124512.40808 7.774738e-04 7.70 1.339234e-01 2.06 1.4622.43
1620124513.7 2.15e-05 1100e-05 1.324346e-01 2.88e-06 1..440-02
1620124514.7 6.04e-05 4.05 1.324348e-01 2.89e-06 1.41 2.02
1620124515.849.27e-06 -1.05 1.324697e-01 2.88e-06 1.41 2.02
1620124516.98-6.88e-06 -2600e-05 1.325388e-01 2.83e-06 1..444-02
1620124518.1 6.87e-04 6.04 1.337939e-01 8656 1.41 2.02
1620124519.283.99e-05 2.35 1.324521e-01 2.881046e-06 7965 2.42
1620124520.436.723116e-05 1.88 1.324841e-01 2.32e-06 1.4482.45
1620124521.7 6.88e-04 6960e-04 1.337900e-01 2.80e-06 1..452-02
1620124522.7 200908 5.47e-04 5.24 1.340342e-01 2545e1.46 2.42
1620124526.160.310213e-06 5 1.324438e-01 2.878981e-06 1.44 2.42
1620124527.29964 1.394875e-04 8380 1.326611e-01 2.82e-06 1054e2.46
1620124528.3 3.76e-05 .-01 2.40
162491.4 2..9101.32 2.96 1.-02
16201244 6.15 6..3252.89 1.41 2.02
1620124494.127.59 7.64 1.5 1.-01 02
1620124523.861.65 -1..3242.88 1.41 2.02
1620124525.005.47.883-04 06 1.4612.46
1620124533.-04 1.33 2.86 1..469-02
1620124534.1 9.0.3341.32 2.86 1.-02
1620124535.3 6.84 6.0e1.33875-01 2. 6..3372.85 1.41 2.02
1620124536.45-6.9.8931.32 2.86 1.-02
1620124537.5 3.35 2..3252.85 1.41 2.02*1620124538.74-1.3.2181.32 2.86 1.-02
1620124539.8 8.74 8..3412.85 1.41 2.02
1620124541.022.29 1.85 1..8581.44 2.42
1620124542-04 1.95 1.31 2..4512.48
1620124543..671-3.15 1..8521.44 2.42
1620124544-04 7.10 1.31 2..4612.48
1620124545.6 1.-03 6 1..488-02
1620124546.7 6.44 6.-01 2.86 1.41 2.02
1620124547.926.74 6.74 1.-06 1.46 2.42
1620124549.079.8767.90 1.31 2.1.34 2.8