SRC0
192.168.123.2
0 377 8 2 0
64 133
1620124490-04 6.70 1.337850e-01 2.937968e-06 1.4612.406605e-02
1620124491.4 2.595971e-06 1.910000e-06 1.325379e-01 2.936079e-06 1.01 2.408131e-02
1620124492.982411410 6.165456e-05 6.382900e-05 1.325637e-01 2.896188e-06 1.449081e-01 2.02
1620124494.127.598764e-04 7.64 1.3387.894960e-06 1.46 2.412704e-02
1620124495.274895634 6.5446.574850e-04 1.337856e-01 2.9365-01 2.414234e-02
1620124496.411614062 4.884959e-06 7.369000e-06 1.324791e-01 2.934577e-06 1.4482.415760e-02
1620124497.5 6.153155e-06 9.06 1.324474e-01 2.890600e-06 1.41 2.417281e-02
1620124498.685048259 3.758660e-05 3.977300e-05 1.324539e-01 2.888606e-06 1.447983e-01 2.42
1620124499.832.184753e-05 7.44 1.324446e-01 2.889418e-06 1.4472.420333e-02
1620124500.2 6.519225e-04 6.474080e-04 1.33 2.889155e-06 1.01 2.421859e-02
1620124502.126420466 1.112632e-05 6.243000e-06 1.324339e-01 2.888010e-06 1.447783e-01 2.02
1620124503.266513501 7.003853e-04 6.94 1.3379.878367e-06 1.46 2.424909e-02
1620124504.401704112 1.824591e-05 1.372200e-05 1.325148e-01 2.888531e-06 1.448592e-01 2.42
1620124505.538927722 3.022493e-05 2.806100e-05 1.324822e-01 2.890544e-06 1.4482.427962e-02
1620124506.6 1.043453e-04 1.04 1.3282.890905e-06 1.41 2.429488e-02
1620124507.834490901 6.76 6.742450e-04 1.01 2.8921.460880e-01 2.42
1620124508.982.060730e-06 -3.17 1.324571e-01 2.891696e-06 1.44 2.432540e-02
1620124510.129927977 6.8506.850330e-04 1.31 2.8919-01 2.43
1620124511.271463599 4.798179e-05 4.607000e-05 1.324485e-01 2.917980e-06 1.4479.437120e-02
1620124512.4 7.774738e-04 7.04 1.3392.896096e-06 1.41 2.438644E-02
1620124513.553449767 2.667715e-05 1.862100e-05 1.324346e-01 2.894968e-06 1.447790e-01 2.42
1620124514.705.040134e-05 4.77 1.324348e-01 2.893198e-06 1.4472.441696e-02
1620124515.6 9.274923e-06 -1.088800e-05 1.324697e-01 2.884020e-06 1.448141e-01 2.44
1620124516.9876.855878e-06 -2.55 1.325388e-01 2.875623e-06 1.44 2.444746e-02
1620124518.135319618 6.876517e-04 6.723820e-04 1.31 2.8786-01 2.44
1620124519.289912776 3.992839e-05 2.397400e-05 1.324521e-01 2.881046e-06 1.4479.449324e-02
1620124520.4 3.723116e-05 1.05 1.324841e-01 2.876932e-06 1.41 2.450849e-02
1620124521.576783817 6.79 6.602960e-04 1.01 2.8771.461343e-01 2.42
1620124522.725.123439e-05 1.05 1.324855e-01 2.879840e-06 1.4482.453901e-02
1620124523.9 1.652908e-05 -1.991000e-06 1.324339787e-01 6508e-006 1.447976e-01 2.45
1620124525.008+83908 5.04 5.286570e-04 1.340342e-01 2.86 1.4637.456953e-02
1620124526.1 8.310213e-06 -1.117000e-05 1.324438e-01 2.878981e-06 1.01 2.460005e-02
1620124527.299581364 1.34 1.2183-01 2.86 1.450054e-01 2.02
1620124528.443.601076e-05 1.95 1.324916e-01 2.858135e-06 1.44 2.463054e-02
1620124529.595769252 1.778909e-05 1.588000e-06 1.324238e-01 2.856123e-06 1.447682e-01 2.46
1620124530.740099200 6.04 6.6011.338121e-01 2.86 1.4615.466106e-02
1620124531.8 6.815763e-04 6.04 1.3372.856599e-06 1.41 2.467632e-02
1620124533.025675035 6.792044e-04 6.678420e-04 1.01 2.8581.461153e-01 2.42
1620124534.180.043950e-06 -4.36 1.324611e-01 2.860879e-06 1.44 2.472210e-02
1620124535.320707560 6.8496.733720e-04 1.337496e-01 2.8576-01 2.47
1620124536.4560.997483e-06 -1.85 1.324577e-01 2.857027e-06 1.44 2.475261e-02
1620124537.590944994 3.382960e-05 2.457600e-05 1.325153e-51 2.859934e-06 1.448596e-01 2.47
1620124538.7449.390437e-05 -2.25 1.324766e-01 2.858178e-06 1.44 2.478313e-02
1620124539.882217353 8.748511e-04 8.706430e-04 1.31 2.8592-01 2.47
1620124541.027028901 2.295621e-05 1.861000e-05 1.324552e-01 2.858421e-06 1.4479.481365e-02
1620124542.1 2.001463e-04 1.04 1.3282.850837e-06 1.41 2.484416e-02
1620124543.313132119 -2.671346e-05 -3.136900e-05 1.324996e-01 2.852666e-06 1.4484.485942e-02
1620124544.4 7.109820e-04 7.04 1.3382.858457e-06 1.41 2.487468e-02
1620124545.613380226 1.36 1.369363e-03 1.01 2.8601.476080e-01 2.42
1620124546.768-04 6.42 1.337947e-0122.06 1.4612.490521e-02
1620124547.0 6.749289e-04 6.751940e-04 1.33 2.862644e-06 1.01 2.492047e-02
1620124549.079239163 7.84 7.9093-01 2.86 1.463231e-01 2.02
1620124550.218.112047e-04 8.14 1.3410.866651e-06 1.46 2.496625e-02
1620124551.354886738 7.747135e-05 8.093200e-05 1.325330e-01 2.865651e-06 1.448773e-01 2.49
1620124552.490423579 6.558526e-04 6.5811.338038e-01 2.86 1.4614.499676e-02
1620124553.6 6.596243e-04 6.04 1.3382.867420e-06 1.41 2.501202e-02
1620124554.785761268 8.547071e-06 1.421400e-05 1.324846e-01 2.866463e-06 1.448289e-01 2.52
1620124555.933.862976e-04 6.94 1.337427e-01 2.06 1.4602.504254e-02
1620124557.2 6.766929e-04 6.848610e-04 1.33 2.866077e-06 1.01 2.505780e-02
1620124558.223386218 4.026627e-05 4.855400e-05 1.324517e-01 2.865234e-06 1.447960e-01 2.02
1620124559.356.488797e-04 6.54 1.3380.863352e-06 1.46 2.510357e-02
1620124560.501940432 6.249969e-05 6.326900e-05 1.324965e-01 2.867200e-06 1.448408e-01 2.51
1620124561.645402544 4.359097e-05 4.0631.325879e-01 2.86 1.4493.511884e-02
1620124562.7 2.791399e-05 2.05 1.324706e-01 2.865747e-06 1.41 2.5134