SRC0
192.168.123.2
0 377 8 2 0
34 133
1680 6.7046.70 1.337850e-01 2.68e-06 1-01 
162491.4 2.06 1000e-06 1.325379e-01 2.99e-06 1.-02
16201244 6.16e-05 6..3252.89 1.41 2.02
1620124494.127.59 7.64 1..8941.46 2.42
1620124495-04 6.57 1.31 2.86e-06 1.4612.41
1620124496.2 4.06 7000e-06 1.324791e-01 2.97e-06 1.-02
1620124497.5 6.16 9..324474e-01 2.89e-06 1.41 2.0:
1620124498.683.75 3.95 1.324539e-01 2.888606e-06 1.44 2.42
1620124499.832.14506.6.328191e-01 0905e-06 1.41 2.02
1620124507.836.76e-04 6.74 1..892667e-06 1.46 2.42
1620124508.982.060730e-06 7 1.324571e-01 2.891696e-06 8014 2.42
1620124510.129.8506.85 1.31 2..4612.43
1620124511.9 4.79e-05 4000e-0531.32e-01 2.90e-06 1.-02
1620124512.4 7.78e-04 7.04 1234e-01 6096 1.41 2.02
1620124513.552.66e-05 1.85 1.324346e-01 2.894968e-06 1.44 2.42
1620124514.705.040134e-05 4900 1.324348e-01 2.98e-06 1792e2.44
1620124515.6 9.23e-06 -1.08 1.324697e-01 2.20e-06 1.4482.44
1620124516..855878e-06 5 1..875623e-06 8831 2.42
1620124518.135.876517e-04 6.72 1.31 2.06 1383e2.44
1620124519.6 3.39e-05 2400e-05 1.32e-01 2.86e-06 1.-02
1620124520.4 3.76e-05 1.05 1.324841e-01 2.87e-06 1.41 2.02
1620124521.576.79e-044 1.332.59 1-06 -02
1620124522.725.19e-05 6000 1.324855e-01 2.40e-06 1.4482.02
1620124523.9 1.08e-05 -1.99 1.32e-01 2.21e-06 1.41 2602
1620124525.8 5.-04 1.34 2.86 56-02
1620124526.1 8.33e-06 0e1.32e-01 2.81e-06 1.44 2.42
1620124527.2 1.35e-04 1.04 1.326611e-01 2.86e-06 1.41 2.02
1620124528.443.60e-05 1.95 1.324916e-01 2.85e-06 1.-02
1620124529.595.79e-05 1.58 1.324238e-01 2.23e-06 1-01 
1620124530.0 6.45e-04 6024 1..89e-06 1.-02
1620124531.8 6.83e-04 6.-01 2..41 2.02
1620124533.026.04 6.64 1..8581.46 2.42
1620124534.180.00e-06 6 1.11e-01 2879e-06 1..42
1620124535.320.83e-04 6..31 2.41e-06 1.4602.47