SRC0
192.168.123.2
0 377 8 2 0
8 17e02
16.981.46e-01 2.4 -6.78e-06 -2.56e-05 1.323e-2.44
1620124518.8 6.17e-04 6820e-04 1.337939e-01 2.86e-06 1..447-02
1620124519.2 3.99e-05 2.05 1.324521e-01 2.88e-06 1.41 2.02
1620124520.433.72e-05 1.85 1.324841e-01 2.876932e-06 1.44 2.42
1620124521.57617 6.796488e-04 2960 1.337900e-01 2.70e-06 1343e2.45
1620124522.8 2.39e-05 1000e-06 1.324855e-01 2.80e-06 1..453-02
1620124523.8 1.68e-05 -1000e-06 1.324532e-01 2.81e-06 1..455-02
1620124525.0 5.48e-04 5.04 1.340342e-01 9545e-06 1.41 2.