SRC0
192.168.123.2
0 377 8 2 0
64 133
1680 6.7046.706270e-04 1.31 2.9379-01 2.40
1620124491.836498064 2.06 1.910000e-06 1.325379e-01 2.936079e-06 1.4488-02
1620124492.9 6.165456e-05 6.05 1.325637e-01 2.896188e-06 1.41 2.409652e-02
1620124494.120171205 7.59 7.614110e-04 1.01 2.8941.462195e-01 2.42
1620124495.274-04 6.57 1.337856e-01 2.06 1.4612.414234e-02
1620124496.2 4.8849-06 1.324791e-01 2.934577e-06 1.01 2.415760e-02
1620124497.548556084 6.16 9.707000e-06 1.324474e-01 2.890600e-06 1.447918e-01 2.02
1620124498.683.758660e-05 3.95 1.324539e-01 2.888606e-06 1.44 2.418807e-02
1620124499.832684537 1.1847.446000e-06 1.324446e-01 2.889418e-06 1-01 2.42
1620124500.986083212 6.04 6.4741.337729e-01 2.86 1.4611-02
1620124502.1 1.112632e-05 6.06 1.324339e-01 2.888010e-06 1.41 2.423385e-02
1620124503.266513501 7.00 6.959870e-04 1.01 2.8781.461415e-01 2.42
1620124504.401-05 1.37 1.325148e-01 2.888531e-06 1.4482.426436e-02
1620124505.2 3.0224-05 1.324822e-01 2.890544e-06 1.01 2.427962e-02
1620124506.685640017 1.04 1.0067-01 2.89 1.451634e-01 2.02
1620124507.836.762061e-04 6.74 1.3374.892667e-06 1.46 2.431014e-02
1620124508.982540519 2.060-3.150000e-07 1.324571e-01 2.891696e-06 1.448014e-01 2.42
1620124510.129-04 6.85 1.338086e-01 2.06 1.4612.435592e-02
1620124511.9 4.7981-05 1.324485e-01 2.917980e-06 1.01 2.437120e-02
1620124512.408715908 7.74 7.7003-01 2.89 1.462678e-01 2.02
1620124513.552.667715e-05 1.85 1.324346e-01 2.894968e-06 1.44 2.440170e-02
1620124514.705866303 6.0404.774900e-05 1.324348e-01 2.893198e-06 1-01 2.44
1620124515.843290716 9.06 -1.08 1.324697e-01 2.884020e-06 1.4482.443221e-02
1620124516.0 -6.855-2.568600e-05 1.325388e-01 2.875623e-06 1.448831e-01 2.42
1620124518.135-04 6.72 1.337939e-01 2.06 1.4612.447798e-02
1620124519.6 3.9928-05 1.324521e-01 2.881046e-06 1.01 2.449324e-02
1620124520.436128650 3.75 1.887500e-05 1.324841e-01 2.876932e-06 1.448284e-01 2.02
1620124521.576.796488e-04 6.64 1.3379.877970e-06 1.46 2.452375e-02
1620124522.725886638 2.1231.056000e-06 1.324855e-01 2.879840e-06 1-01 2.45
1620124523.869105989 1.05 -1.99 1.324532e-01 2.882021e-06 1.4472.455427e-02
1620124525.8 5.4770-04 1.34 2.879545e-06 1.01 2.456953e-02
1620124526.160298587 8.36 -1.117000e-05 1.324438e-01 2.878981e-06 1.4478-02
1620124527.2 1.394875e-04 1.04 1.3262.863382e-06 1.41 2.461529e-02
1620124528.447735143 3.60 1.962200e-05 1.324916e-01 2.858135e-06 1.448360e-01 2.42
1620124529.595-05 1.58 1.324238e-01 2.856123e-06 1.4472.464580e-02
1620124530.0 596243e-04 6.6.698945e-04 6.601020e-04 1.338121e-01 2.e-02
1620124531.4 6.8157-04 1.33 2.856599e-06 1.01 2.467632e-02
1620124533.025675035 6.74 6.6784-01 2.85 1.461153e-01 2.02
1620124534.189.043950e-06 -4.06 1.324611e-01 2.860879e-06 1.41 2.472210e-02
1620124535.320707560 6.84 6.733720e-04 1.01 2.8571.460939e-01 2.42
1620124536.4566.997483e-06 -1.05 1.324577e-01 2.857027e-06 1.41 2.475261e-02
1620124537.590944994 3.38 2.457600e-05 1.325153e-01 2.859934e-06 1.448596e-01 2.42
1620124538.7441.390437e-05 -2.05 1.324766e-01 2.858178e-06 1.41 2.478313e-02
1620124539.882217353 8.74 8.706430e-04 1.01 2.8591.464966e-01 2.42
1620124541.027.295621e-05 1.86 1.324552e-01 2.858421e-06 1.4472.481365e-02
1620124542.7 2.0014-04 1.32 2.850837e-06 1.01 2.484416e-02
1620124543.313132119 -2.05 -3.13 1.324996e-01 2.852666e-06 1.4482.485942e-02
1620124544.5 7.1098-04 1.33 2.858457e-06 1.01 2.487468e-02
1620124545.613380226 1.33 1.3693-01 2.86 1.476080e-01 2.02
1620124546.766.424347e-04 6.44 1.3379.862527e-06 1.46 2.490521e-02
1620124547.924467920 6.7496.751940e-04 1.31 2.8626-01 2.49
1620124549.079239163 7.04 7.9091.339787e-01 2.86 1.4632-02
1620124550.2 8.112047e-04 8.04 1.3412.866651e-06 1.41 2.496625e-02
1620124551.354886738 7.74 8.093200e-05 1.325330e-01 2.865651e-06 1.448773e-01 2.42
1620124552.490-04 6.58 1.338038e-01 2.06 1.4612.499676e-02
1620124553.8 6.5962-04 1.33 2.867420e-06 1.01 2.501202e-02
1620124554.785761268 8.56 1.421400e-05 1.324846e-01 2.866463e-06 1.448289e-01 2.02
1620124555.936.862976e-04 6.94 1.3374.865989e-06 1.46 2.504254e-02
1620124557.075749392 6.7666.848610e-04 1.31 2.8660-01 2.50
1620124558.223386218 4.05 4.855400e-05 1.324517e-01 2.865234e-06 1.4479-02
1620124559.3 6.488797e-04 6.04 1.3382.863352e-06 1.41 2.510357e-02
1620124560.501940432 6.24 6.326900e-05 1.324965e-01 2.867200e-06 1.448408e-01 2.52
1620124561.645-05 4.06 1.325879e-01 2.06 1.4492.511884e-02
1620124562.2 2.7913-05 1.324706e-01 2.865747e-06 1.01 2.513