SRC0
192.168.123.2
0 377 8 2 0
34 133
1680 6.7046.70 1.337850e-01 2.68e-06 1-01 
162491.4 2.06 1000e-06 1.325379e-01 2.99e-06 1.-02
16201244 6.15 6..3252.89 1.41 2.02
1620124494.127.59 7.64 1..8941.46 2.42
1620124495-062504.401.05 1.37 1e-06 1..426-02
1620124505.2 3.05 2.05 1.324822e-01 2.89e-06 1.01 2.02
1620124506.681.04e-04 1.04 1.328191e-01 2.890905e-06 1.45 2.02
1620124507.836.762061e-04 6.74 1.3374.8926.46 2.43
1620124508.9 2.30e-06 0 1.324571e-01 2.96e-06 1.4482.42
1620124510.129.80e-04 6.85 1.338086e-01 2.83e-06 1..435-02
1620124511.9 4.79e-05 4.05 1.324485e-01 2.91e-06 1.01 2.02
1620124512.407.77e-04 7.74 1.34e-01 2096e-06 1.46 2.02
1620124513.552.667715e-05 1.85 1.324346e-01 2.68e-06 1.44 2.44
1620124514.3 6.34e-05 4900e-05 1.324348e-01 2.88e-06 1-.44
1620124515.8 9.23e-06 -188 8071e-06 00e-.3201 2.02
1620124516.98-6.88e-06 -2.56 1.325388e-01 2.83e-06 1..444-02
1620124518.8 6.87e-04 6.04 1.33 8656e-06 1.01 2.02
1620124519.283.99e-05 2.35 1.324521e-01 2.881046e-06 1.44 2.02
1620124520.433.723116e-05 1.85 1.324841e-01 2.32e-06 1.44 2.45
1620124521.7 6.88e-04 6960e-04 1.31 2.80e-06 1-.45
1620124522.7 2.19e-05 1.06 1.324855e-01 2.87e-06 1.4482-02
1620124523.8 1.65e-05 -1.06 1.324532e-01 2.88e-06 1.01 2.02
1620124525.005.47e-04 5.2865 6.7342e-01 2545e-06 1.46 2.02
1620124526.16087 8.310 2.86 1.5 1.324e-06 1.41 2.42
1620124527.299.394875e-04 1.21 1.326611e-01 2.82e-06 1.4502.42
1620124528.447.76e-05 1.96 1.324916e-01 2.85e-06 1.4482.463054e-02
1620124529.2 1.79e-05 1.06 1.324238e-01 2.85e-06 1.01 2.80e-02
1620124530.746.69e-04 6.64 1.338121e-01 2.856589e-06 1.46 2.02
1620124531.88374 6.815763e-04 6.74 1.337918e-01 2.99e-06 1.46 2.46
1620124533.5 6.44e-04 6420e-04 1.33e-01 2.83e-06 1-.46
1620124534.1 9.00e-06 -4.33 1.324611e-01 2.89e-06 1..472-02
1620124535.0 6.83e-04 6.04 1.337496e-01 2.85e-06 1.01 2.02
1620124536.45-6.93e-06 -1.89 1.324577e-01 2.87e-06 1..475-02
1620124537.4 3.30e-05 2.05 1.325153e-01 2.85e-06 1.01 2.